663,35
10,190
10,282
10,101
10,298
10,91
10,97
10,308
10,153
10,2
10,3
11,9
11,18
9,5
8,14
8,10
8,16
8,5
8,6
18,1
18,3
14,1
14,3
13,1
13,3
2,2
2,1
2,3
632,5
632,4
632,3
632,2
632,1
632,0
629,6
629,5
629,4
629,3
629,2
629,1
629,0
625,5
625,4
625,3
625,2
625,1
625,0
622,5
622,4
622,3
622,2
622,1
622,0
619,5
619,4
619,3
619,2
619,1
619,0
616,3
616,2
616,1
616,0
615,3
615,2
615,1
615,0
614,5
614,4
614,3
614,2
614,1
614,0
613,4
613,3
613,2
613,1
613,0
612,4
612,3
612,2
612,1
611,5
611,4
611,3
611,2
611,1
609,3
609,1
608,3
608,1
20,3
20,2
20,1
19,3
19,2
19,1
12,3
12,2
12,1
11,30
11,29
11,28
11,27
11,26
11,25
11,24
11,23
11,22
11,21
11,20
11,19
11,17
11,16
11,15
11,14
11,13
11,12
11,11
11,10
